2
001
000
100

3
00011
11011
00001
10101
10000

4
00011
01000
01001
00000
10000

5
00001
11000
00001
01000
01010

8
00000110
11100101
11010110
01100000
10010100
01011000
00011010
00111110

9
0100101000
0001010010
0001010110
0101100000
0110111001
0011000111
0010010001
1000110111
1000010000
1101001110

a
000011001110011
011000101001010
011100000100001
000010101101111
111000111000110
010010000010011
111011011101101
100010110000010
010111110101101
010001110101010
100101011100000
110100011010010
011001100100001
111000110001010
101010000111000

